0 0.951042 0.556944 0.020139 0.026852
0 0.973264 0.589815 0.022917 0.035185
0 0.635764 0.631944 0.018750 0.025000
0 0.546181 0.594444 0.024306 0.035185
0 0.863889 0.408333 0.025000 0.040741
0 0.828472 0.537963 0.020833 0.029630
0 0.171181 0.486111 0.025694 0.038889
0 0.162153 0.405556 0.025694 0.033333
0 0.180556 0.350926 0.020833 0.031481
0 0.236111 0.366667 0.020833 0.031481
0 0.203125 0.460648 0.020139 0.030556
0 0.955208 0.829167 0.045139 0.062037
0 0.891667 0.647222 0.029167 0.048148
0 0.841667 0.604167 0.027778 0.030556
